5.668088018810296669e-01,7.881297973768631726e-01,1.000000000000000000e+00
4.000457499269379769e-01,6.209330290527359519e-01,1.000000000000000000e+00
4.587023563268452508e-01,5.369354379075191863e-01,1.000000000000000000e+00
4.745040845510684058e-01,6.382242908172190976e-01,1.000000000000000000e+00
5.587069896922680634e-01,7.155266936013428003e-01,1.000000000000000000e+00
5.676778057613179884e-01,7.740878001587038204e-01,1.000000000000000000e+00
4.817808998926069730e-01,8.512469745563782109e-01,1.000000000000000000e+00
4.109550372791704875e-01,7.681870040713608683e-01,1.000000000000000000e+00
5.669219209468507881e-01,7.234759313783006851e-01,1.000000000000000000e+00
4.561547754380935182e-01,5.792405956339515827e-01,1.000000000000000000e+00
7.202978274702147576e-01,8.873046302877590774e-01,1.000000000000000000e+00
5.253696712636971577e-01,7.769290462677256315e-01,1.000000000000000000e+00
7.505556609184154127e-01,8.578426654015389730e-01,1.000000000000000000e+00
4.340176845479111756e-01,5.156219132931529892e-01,1.000000000000000000e+00
4.679321678258275830e-01,8.512570013717652984e-01,1.000000000000000000e+00
4.393387335332200605e-01,6.684430500020208665e-01,1.000000000000000000e+00
7.831558120602007955e-01,7.132661139892068070e-01,1.000000000000000000e+00
6.767508455801893863e-01,6.262062524024252230e-01,1.000000000000000000e+00
6.746003710726334868e-01,8.338502687589491869e-01,1.000000000000000000e+00
4.073153109376767556e-01,8.000577259779869665e-01,1.000000000000000000e+00
7.955444355625979069e-01,7.992662617519358248e-01,1.000000000000000000e+00
5.121775968257621381e-01,8.157117313805953840e-01,1.000000000000000000e+00
4.412904026310568439e-01,6.791574104703620440e-01,1.000000000000000000e+00
7.634382012372382675e-01,6.174456593494718204e-01,1.000000000000000000e+00
5.151101354345395400e-01,5.520114288473111364e-01,1.000000000000000000e+00
4.077467831481188520e-01,7.715342131759563848e-01,1.000000000000000000e+00
4.846512464000236609e-01,6.062186637488905516e-01,1.000000000000000000e+00
5.966292637121353160e-01,5.213450180468321982e-01,1.000000000000000000e+00
6.296470421968052289e-01,5.586914299623241265e-01,1.000000000000000000e+00
6.357222147613137420e-01,7.799033440083724678e-01,1.000000000000000000e+00
4.409337715311303363e-01,6.656223951278273931e-01,1.000000000000000000e+00
6.777600630910980417e-01,6.656717078107611263e-01,1.000000000000000000e+00
4.199813835784348970e-01,7.143585623662046524e-01,1.000000000000000000e+00
6.655178580879155259e-01,7.059556448233234027e-01,1.000000000000000000e+00
7.778379023963253314e-01,7.346220162007971455e-01,1.000000000000000000e+00
7.613607661151534645e-01,5.549898816584950545e-01,1.000000000000000000e+00
4.557105389003034412e-01,8.229565154838095475e-01,1.000000000000000000e+00
5.590707347942134309e-01,5.661416788467731331e-01,1.000000000000000000e+00
7.710034321584136041e-01,6.391063438982026446e-01,1.000000000000000000e+00
7.003248412544622603e-01,7.903991941401805610e-01,1.000000000000000000e+00
7.533224364823239982e-01,7.494688828222435539e-01,1.000000000000000000e+00
7.003769736109348720e-01,6.395593367911370786e-01,1.000000000000000000e+00
5.079711567060104516e-01,8.583544872784267810e-01,1.000000000000000000e+00
5.712364759485180077e-01,8.859360188593542462e-01,1.000000000000000000e+00
6.653765991273792313e-01,7.486782880836487797e-01,1.000000000000000000e+00
4.458983891813501077e-01,8.797957034828285394e-01,1.000000000000000000e+00
5.799648533919762317e-01,7.313558457548526848e-01,1.000000000000000000e+00
5.632547211045124680e-01,5.948107920972111051e-01,1.000000000000000000e+00
7.613518082249015606e-01,7.294717946689143195e-01,1.000000000000000000e+00
4.011481308124635881e-01,7.468579654482895291e-01,1.000000000000000000e+00
5.306579607088385275e-01,7.108232409030437182e-01,1.000000000000000000e+00
7.543768397243098001e-01,6.429079040009999524e-01,1.000000000000000000e+00
7.634140603679197001e-01,7.493440463167211352e-01,1.000000000000000000e+00
4.063284971386225131e-01,8.717748934975045882e-01,1.000000000000000000e+00
6.763587670067696678e-01,8.989291401805922233e-01,1.000000000000000000e+00
4.689362033381314632e-01,5.548542998515511027e-01,1.000000000000000000e+00
7.730381852148654476e-01,7.787272645959600892e-01,1.000000000000000000e+00
4.264000690888249956e-01,8.021852210409865513e-01,1.000000000000000000e+00
7.015504753844985508e-01,8.692098142185933352e-01,1.000000000000000000e+00
6.846099034513887238e-01,5.497083847888658559e-01,1.000000000000000000e+00
4.079520535359182354e-01,5.104843947510877555e-01,1.000000000000000000e+00
4.113225952083178760e-01,5.984844270412184031e-01,1.000000000000000000e+00
7.440111794731552042e-01,7.155324257366612040e-01,1.000000000000000000e+00
6.211287914743064409e-01,8.368123569438422615e-01,1.000000000000000000e+00
4.496693260479645016e-01,6.116734716044558429e-01,1.000000000000000000e+00
6.343037085833151956e-01,8.878382993278698398e-01,1.000000000000000000e+00
6.244120877022840688e-01,5.074589157491772307e-01,1.000000000000000000e+00
7.202530690722466211e-01,5.931897095364081496e-01,1.000000000000000000e+00
7.228420782475116768e-01,6.551442576256687467e-01,1.000000000000000000e+00
7.454167418237714893e-01,7.988486570948738485e-01,1.000000000000000000e+00
6.224960935961676434e-01,5.545820902642740746e-01,1.000000000000000000e+00
4.239670758048846855e-01,5.485373822962950063e-01,1.000000000000000000e+00
4.178207514179047011e-01,5.429976516424371846e-01,1.000000000000000000e+00
4.902837354431419103e-01,7.851955921530706650e-01,1.000000000000000000e+00
6.238867928216570435e-01,5.050223920636464081e-01,1.000000000000000000e+00
4.287897118757947323e-01,8.869105320001088311e-01,1.000000000000000000e+00
6.272401847679769382e-01,5.813172938643962340e-01,1.000000000000000000e+00
5.009302978281293672e-01,7.975303416300371095e-01,1.000000000000000000e+00
4.781717924437275391e-01,7.325435709093031100e-01,1.000000000000000000e+00
7.880079956353249759e-01,8.387315205960140796e-01,1.000000000000000000e+00
4.959391036590344859e-01,6.975078857074920036e-01,1.000000000000000000e+00
6.479822873525519222e-01,8.315923598200715139e-01,1.000000000000000000e+00
4.627165578584337413e-01,5.074304808709638737e-01,1.000000000000000000e+00
4.280088574876889651e-01,6.945380443748127020e-01,1.000000000000000000e+00
6.425317846613322059e-01,7.275405748345925572e-01,1.000000000000000000e+00
5.269449637288643462e-01,8.954464617649795510e-01,1.000000000000000000e+00
6.318980876983187889e-01,6.520564690494201621e-01,1.000000000000000000e+00
6.203792876471587725e-01,7.981337723626008573e-01,1.000000000000000000e+00
6.676931573812738829e-01,6.059678230651237563e-01,1.000000000000000000e+00
4.265339337713766610e-01,6.480336791656425843e-01,1.000000000000000000e+00
6.518870028086258817e-01,5.840696039659358796e-01,1.000000000000000000e+00
7.011022214955255905e-01,5.266145925416459983e-01,1.000000000000000000e+00
5.041260394314164284e-01,8.219018254973381454e-01,1.000000000000000000e+00
4.773737130493311276e-01,7.557843523519760520e-01,1.000000000000000000e+00
6.098681236494934987e-01,8.699231881597403460e-01,1.000000000000000000e+00
5.053187081948444792e-01,5.263844362736095350e-01,1.000000000000000000e+00
6.940263853154677864e-01,8.088712118172987076e-01,1.000000000000000000e+00
7.631263410014096360e-01,8.727888276787348909e-01,1.000000000000000000e+00
4.055806291902388505e-01,5.937448344485681817e-01,1.000000000000000000e+00
6.467113428006631137e-01,8.796065282750465952e-01,1.000000000000000000e+00
7.800704476988319369e-01,7.226612752780625648e-01,1.000000000000000000e+00
7.662425399065098119e-01,7.566264835785350140e-01,1.000000000000000000e+00
5.560030856564985857e-01,6.943962668387638759e-01,1.000000000000000000e+00
6.417241931679893430e-01,7.198191686034250969e-01,1.000000000000000000e+00
7.704725706825814591e-01,8.674933742534424175e-01,1.000000000000000000e+00
5.579502451694220433e-01,8.853050113762847007e-01,1.000000000000000000e+00
4.695822666721857774e-01,5.505318077758549755e-01,1.000000000000000000e+00
4.540316632186925383e-01,7.022648662707586809e-01,1.000000000000000000e+00
4.086099221096792244e-01,8.791880844870724188e-01,1.000000000000000000e+00
7.308461884682930787e-01,5.060075922968489959e-01,1.000000000000000000e+00
4.704785022300221331e-01,6.328254297467348355e-01,1.000000000000000000e+00
4.523987379243668006e-01,8.237962768506328359e-01,1.000000000000000000e+00
5.378946610733174039e-01,8.760429929333468646e-01,1.000000000000000000e+00
6.328056719788320850e-01,8.515327937647376721e-01,1.000000000000000000e+00
7.378937781568888354e-01,8.621569274834597341e-01,1.000000000000000000e+00
5.839521063267227863e-01,7.185387264081493086e-01,1.000000000000000000e+00
7.194414364608158197e-01,6.142875406936590954e-01,1.000000000000000000e+00
5.961014090479711536e-01,7.396441230583513660e-01,1.000000000000000000e+00
4.062133102203343005e-01,7.373925632786548778e-01,1.000000000000000000e+00
5.734705395957833129e-01,8.229442115539365998e-01,1.000000000000000000e+00
5.260979212381492465e-01,8.571554834100605369e-01,1.000000000000000000e+00
6.311428861138141944e-01,5.736040806509860035e-01,1.000000000000000000e+00
7.151716935302017131e-01,7.448124708179736375e-01,1.000000000000000000e+00
4.215637088295012269e-01,6.680774720004528655e-01,1.000000000000000000e+00
6.716275346261718626e-01,8.674407111910104051e-01,1.000000000000000000e+00
4.001608099565430177e-01,8.907036596124239258e-01,1.000000000000000000e+00
5.506321258983097877e-01,8.895134153433290614e-01,1.000000000000000000e+00
6.418864403896212822e-01,8.315383231922771623e-01,1.000000000000000000e+00
6.298846018832409133e-01,7.512304793229401811e-01,1.000000000000000000e+00
5.142305126782775737e-01,7.347333362624332009e-01,1.000000000000000000e+00
7.000087054810639753e-01,8.433255345716169638e-01,1.000000000000000000e+00
7.020328753870721528e-01,7.792228993789211966e-01,1.000000000000000000e+00
7.457917720218399937e-01,6.290723987346985568e-01,1.000000000000000000e+00
6.683155163150349409e-01,6.803495745653397320e-01,1.000000000000000000e+00
5.528411008126069559e-01,6.643245399688743058e-01,1.000000000000000000e+00
5.605918333878162629e-01,6.269535783833107834e-01,1.000000000000000000e+00
6.487677471681205787e-01,6.720989083285057175e-01,1.000000000000000000e+00
7.895208311709009941e-01,7.711203565737244636e-01,1.000000000000000000e+00
4.794279553708443720e-01,6.706804037392131157e-01,1.000000000000000000e+00
5.373384959097692315e-01,8.190555215834266489e-01,1.000000000000000000e+00
7.519993154253727941e-01,8.615367823305487560e-01,1.000000000000000000e+00
6.650879249501049362e-01,6.080833048119030915e-01,1.000000000000000000e+00
5.009466806018358920e-01,8.419591770789609519e-01,1.000000000000000000e+00
6.110858585234987261e-01,8.208644336018392496e-01,1.000000000000000000e+00
6.289954068766425710e-01,7.932570101150043795e-01,1.000000000000000000e+00
6.076046509856223299e-01,8.083535642007552147e-01,1.000000000000000000e+00
6.275431962818862619e-01,6.862839514367923277e-01,1.000000000000000000e+00
5.370755631813127762e-01,5.272837393666817141e-01,1.000000000000000000e+00
5.511696717312399851e-01,5.318504310793009671e-01,1.000000000000000000e+00
7.931268454921780453e-01,5.726451405323055299e-01,1.000000000000000000e+00
7.247434790882159028e-01,8.499846579823592263e-01,1.000000000000000000e+00
6.753653009543774122e-01,7.277977650981503066e-01,1.000000000000000000e+00
4.643885747262435082e-01,6.867520091053225251e-01,1.000000000000000000e+00
5.380688204620860393e-01,5.900159831256338583e-01,1.000000000000000000e+00
6.370047475063187470e-01,6.249079350807668076e-01,1.000000000000000000e+00
7.665222213873403856e-01,8.638542099806229002e-01,1.000000000000000000e+00
5.028473175128784778e-01,5.443565202976117234e-01,1.000000000000000000e+00
4.771850928076451503e-01,6.998336682715544654e-01,1.000000000000000000e+00
6.914342671898385806e-01,5.832777753635166595e-01,1.000000000000000000e+00
4.992134233508923047e-01,8.406687499745467695e-01,1.000000000000000000e+00
5.663394873070110025e-01,7.466740268620944976e-01,1.000000000000000000e+00
4.934664556957000237e-01,5.407869037703190163e-01,1.000000000000000000e+00
6.063428067874119254e-01,6.908563948199130111e-01,1.000000000000000000e+00
4.610686576372653445e-01,7.487224926961661975e-01,1.000000000000000000e+00
6.176040475255752948e-01,7.616549387882977085e-01,1.000000000000000000e+00
4.578182160498639464e-01,8.006111268540975212e-01,1.000000000000000000e+00
4.888196559199691205e-01,7.077407297464132219e-01,1.000000000000000000e+00
7.141184112886476143e-01,5.089321711967225159e-01,1.000000000000000000e+00
5.297449838904746411e-01,8.491689505600444887e-01,1.000000000000000000e+00
7.378838430408278803e-01,7.153762370378174973e-01,1.000000000000000000e+00
7.466433096666051927e-01,8.799223965414506576e-01,1.000000000000000000e+00
7.305627990517365999e-01,8.416461775346154583e-01,1.000000000000000000e+00
4.394973607281393857e-01,7.605217329363963552e-01,1.000000000000000000e+00
6.814067952610611822e-01,7.440963250586518640e-01,1.000000000000000000e+00
7.198461046944112374e-01,5.138284879486537671e-01,1.000000000000000000e+00
7.080954938219919947e-01,7.926914402958108452e-01,1.000000000000000000e+00
5.038793573193413033e-01,6.028277195288587187e-01,1.000000000000000000e+00
6.529213269720510748e-01,6.381189846364326845e-01,1.000000000000000000e+00
7.186354712029150438e-01,6.784584928013829286e-01,1.000000000000000000e+00
7.130997659136688593e-01,8.961887134495363227e-01,1.000000000000000000e+00
5.200993358135600486e-01,5.572023313032398173e-01,1.000000000000000000e+00
7.605233745397095291e-01,7.166237515549492842e-01,1.000000000000000000e+00
7.898961483420329222e-01,7.546417600007588877e-01,1.000000000000000000e+00
7.975652098441916582e-01,7.184283216571806241e-01,1.000000000000000000e+00
6.105703735622085571e-01,5.541711612288680033e-01,1.000000000000000000e+00
5.422820683935525299e-01,5.104874269185493141e-01,1.000000000000000000e+00
4.641580718078596735e-01,7.982548770829983598e-01,1.000000000000000000e+00
4.121598759715155436e-01,6.466172388974977814e-01,1.000000000000000000e+00
7.449385011352176456e-01,7.770710870029416961e-01,1.000000000000000000e+00
6.763768568264674208e-01,5.754547203821244183e-01,1.000000000000000000e+00
5.767617122993693446e-01,7.326309629377164567e-01,1.000000000000000000e+00
7.959006830654821174e-01,5.815624900932487851e-01,1.000000000000000000e+00
4.990931607049419738e-01,6.048692335091647720e-01,1.000000000000000000e+00
7.000689653191971562e-01,6.827901309742770986e-01,1.000000000000000000e+00
4.227717753644379961e-01,7.034064962440959023e-01,1.000000000000000000e+00
4.847840658574704142e-01,8.194416979040840543e-01,1.000000000000000000e+00
5.189325526029089364e-01,5.110424047818015181e-01,1.000000000000000000e+00
6.373729797858485036e-01,8.375361715724755074e-01,1.000000000000000000e+00
5.524064496248857203e-01,7.999433242904573360e-01,1.000000000000000000e+00
6.044565913188513218e-01,7.163807219848754571e-01,1.000000000000000000e+00
7.837737284247010550e-01,8.215843565994587205e-01,1.000000000000000000e+00
4.129292266494296038e-01,7.837549004925180585e-01,1.000000000000000000e+00
5.860005926254024944e-01,8.790195765580399723e-01,1.000000000000000000e+00
4.885730937293953358e-01,6.068288078737463787e-01,1.000000000000000000e+00
4.325895859509047980e-01,6.714475314655146132e-01,1.000000000000000000e+00
4.436075056076273504e-01,7.535147042447670751e-01,1.000000000000000000e+00
7.211852949494952369e-01,7.787201984480713879e-01,1.000000000000000000e+00
7.064845524303082769e-01,6.369816479374079687e-01,1.000000000000000000e+00
7.383405932110711500e-01,6.715075099997770414e-01,1.000000000000000000e+00
7.296039481649275737e-01,7.505984634497174790e-01,1.000000000000000000e+00
4.573692194680979983e-01,5.313547599419792267e-01,1.000000000000000000e+00
4.073330571652029608e-01,5.266899990557426525e-01,1.000000000000000000e+00
5.834335254833727946e-01,5.453367691070362122e-01,1.000000000000000000e+00
4.111133395394679924e-01,8.019445925561869970e-01,1.000000000000000000e+00
5.579401921842558343e-01,7.987753982430100264e-01,1.000000000000000000e+00
5.809619306985807086e-01,6.800346988003044268e-01,1.000000000000000000e+00
5.912290026871324100e-01,6.896015706248775912e-01,1.000000000000000000e+00
7.212653368456678482e-01,6.609570079430943101e-01,1.000000000000000000e+00
7.618744641374493032e-01,5.148244191816143678e-01,1.000000000000000000e+00
7.095497370881674870e-01,5.502565524550955267e-01,1.000000000000000000e+00
6.474054267648342575e-01,5.041457045340927978e-01,1.000000000000000000e+00
6.154509130305387821e-01,5.012071826478385894e-01,1.000000000000000000e+00
7.804775141960818008e-01,8.621608134811112878e-01,1.000000000000000000e+00
7.183867767769077650e-01,8.661097279659150106e-01,1.000000000000000000e+00
4.582232924633588556e-01,5.630920279482133362e-01,1.000000000000000000e+00
4.750526691609736063e-01,7.489983609199685199e-01,1.000000000000000000e+00
7.623237984033207626e-01,8.959820713436295048e-01,1.000000000000000000e+00
6.844489835063263250e-01,7.927201636569181087e-01,1.000000000000000000e+00
7.637172818177018208e-01,6.603494929484483578e-01,1.000000000000000000e+00
4.999402720900147368e-01,5.693720683148492112e-01,1.000000000000000000e+00
4.477828201334916325e-01,8.250442352131315271e-01,1.000000000000000000e+00
4.587169493668972753e-01,6.057189930907602715e-01,1.000000000000000000e+00
7.276356714534123471e-01,6.242349007176840603e-01,1.000000000000000000e+00
7.929669797171772228e-01,6.066554808606541283e-01,1.000000000000000000e+00
6.134613379884845674e-01,6.257868044743398750e-01,1.000000000000000000e+00
7.643091324695350242e-01,6.466226575404937504e-01,1.000000000000000000e+00
5.734369309092658407e-01,7.049170769113445312e-01,1.000000000000000000e+00
7.755545909478853694e-01,5.123796025084602634e-01,1.000000000000000000e+00
6.867514654526756246e-01,8.564075817169355398e-01,1.000000000000000000e+00
4.109148894069875602e-01,7.088204989010042922e-01,1.000000000000000000e+00
5.303959247080101136e-01,8.437957283462343971e-01,1.000000000000000000e+00
6.234066203690071806e-01,7.760911472650992016e-01,1.000000000000000000e+00
5.811413999806149810e-01,7.513236150085428333e-01,1.000000000000000000e+00
5.160387406749703532e-01,5.037394311866063568e-01,1.000000000000000000e+00
6.307023739948363072e-01,6.245776856529851040e-01,1.000000000000000000e+00
6.069070394004519864e-01,8.665623412215591737e-01,1.000000000000000000e+00
5.705899154005584784e-01,5.989584146409542287e-01,1.000000000000000000e+00
5.485175045116218451e-01,8.727444466546162571e-01,1.000000000000000000e+00
7.747473525236374670e-01,8.377319794262853003e-01,1.000000000000000000e+00
7.680826057222642778e-01,5.911601159805267569e-01,1.000000000000000000e+00
8.748220955359087281e-02,2.273097362846887570e-01,0.000000000000000000e+00
3.143766161140504334e-01,1.747658763563115780e-01,0.000000000000000000e+00
6.070941619724604665e-01,4.135864150011613338e-01,0.000000000000000000e+00
8.163515118272141047e-01,1.851303982690306604e-01,0.000000000000000000e+00
7.018765297563104300e-01,2.403556248491388603e-01,0.000000000000000000e+00
5.742190888408597038e-01,3.489875972207888699e-01,0.000000000000000000e+00
5.696439948283271715e-02,2.288136709603758590e-01,0.000000000000000000e+00
6.641025553547934557e-01,4.972500933605312756e-01,0.000000000000000000e+00
5.190159840736787711e-01,1.747201501089225006e-01,0.000000000000000000e+00
5.707158515462563697e-01,9.967534252082099755e-01,0.000000000000000000e+00
8.168351087916219111e-01,5.943726238309777754e-01,0.000000000000000000e+00
9.759890683309049297e-01,9.015625846693212653e-01,0.000000000000000000e+00
5.956079336026455229e-01,3.242632531445710509e-02,0.000000000000000000e+00
9.357709581748074879e-02,6.537171504222638596e-02,0.000000000000000000e+00
4.517331486914752947e-01,3.754348331678577511e-01,0.000000000000000000e+00
9.753500342702865478e-01,1.679832931996149137e-01,0.000000000000000000e+00
9.727875919326551823e-01,7.674748688630130822e-01,0.000000000000000000e+00
8.242378396244978145e-01,6.326158167779972752e-01,0.000000000000000000e+00
6.687327702067320523e-01,4.768823335211933578e-01,0.000000000000000000e+00
1.313635692307224545e-02,3.530060855418247767e-01,0.000000000000000000e+00
4.920718014935584472e-01,7.300912110901043306e-01,0.000000000000000000e+00
4.686283427461092055e-01,4.574049160894316790e-01,0.000000000000000000e+00
1.376627409456031570e-01,1.088873380347898934e-02,0.000000000000000000e+00
7.582782604769962020e-01,3.199528380776783809e-01,0.000000000000000000e+00
9.843834501935107006e-01,2.202342261591559991e-01,0.000000000000000000e+00
3.387080254816796643e-01,5.238961356661316904e-01,0.000000000000000000e+00
7.548914570605327334e-01,4.638577839002956393e-01,0.000000000000000000e+00
1.248225431116762874e-01,3.125013784920495086e-01,0.000000000000000000e+00
5.045191697009946408e-01,6.738490080168676455e-01,0.000000000000000000e+00
7.701499563120921543e-01,1.303357809543542745e-01,0.000000000000000000e+00
2.291513132238176542e-02,5.190823222119894664e-01,0.000000000000000000e+00
8.099887106624162891e-01,1.260376702987631159e-02,0.000000000000000000e+00
6.724698446537339391e-01,6.868082266569918160e-01,0.000000000000000000e+00
4.492467535866375705e-01,9.147886867419342538e-01,0.000000000000000000e+00
6.443610847569929412e-01,5.239837651465850676e-03,0.000000000000000000e+00
4.844284455143755830e-01,8.593178060976000010e-01,0.000000000000000000e+00
8.303995700373394406e-01,6.491541971124779042e-01,0.000000000000000000e+00
6.736984238986316598e-01,5.784995797892005243e-01,0.000000000000000000e+00
2.741197751668521532e-01,5.605299905360587864e-01,0.000000000000000000e+00
6.717297848174202946e-01,3.524296302164088290e-01,0.000000000000000000e+00
8.558283672539277465e-01,1.950374860087072948e-01,0.000000000000000000e+00
7.473208103319232132e-01,2.896027461868774244e-01,0.000000000000000000e+00
7.737992872441820102e-01,4.277373293360762219e-01,0.000000000000000000e+00
8.076984091122094700e-01,3.535348626679903905e-01,0.000000000000000000e+00
2.136932376295811453e-01,7.672845084217665423e-01,0.000000000000000000e+00
3.086419476306511145e-01,7.332450677264275019e-01,0.000000000000000000e+00
7.444731530777320971e-01,2.213967009082010717e-01,0.000000000000000000e+00
2.141121368206484465e-01,1.989479234270666863e-01,0.000000000000000000e+00
1.425183377658446604e-01,3.770825992073341126e-01,0.000000000000000000e+00
2.662788469162147287e-02,1.109203690342406290e-01,0.000000000000000000e+00
6.745640237634105141e-01,7.997765368973862588e-01,0.000000000000000000e+00
8.052952712838590266e-02,2.317023104857920401e-01,0.000000000000000000e+00
2.076256618038143653e-01,9.173335630816306097e-01,0.000000000000000000e+00
7.113145181364867176e-01,5.538846110514142884e-01,0.000000000000000000e+00
3.045179879206202367e-01,8.348540476317984904e-01,0.000000000000000000e+00
4.353059576295199573e-01,9.234562151187751811e-01,0.000000000000000000e+00
7.060518043359331752e-01,4.780313079652833697e-01,0.000000000000000000e+00
1.262101037493587041e-01,9.760435504677476004e-01,0.000000000000000000e+00
1.598336503440933587e-01,2.026021252196625877e-01,0.000000000000000000e+00
4.311817551603709386e-01,4.042019057751472522e-01,0.000000000000000000e+00
1.467514807642941177e-01,7.293189193611233634e-01,0.000000000000000000e+00
1.887450668771859519e-01,6.438956443116627959e-01,0.000000000000000000e+00
7.543059505762986783e-01,2.107323920833207298e-01,0.000000000000000000e+00
6.009542481076399767e-01,7.489283752458364418e-01,0.000000000000000000e+00
6.382187106203334181e-01,5.971273029466490634e-01,0.000000000000000000e+00
2.954822856554970567e-01,7.316064712415087934e-01,0.000000000000000000e+00
9.453084399999497345e-01,4.255613902615469346e-01,0.000000000000000000e+00
7.821818168314053077e-01,5.614103966191530404e-02,0.000000000000000000e+00
8.352716024899659031e-01,1.922500168221477068e-01,0.000000000000000000e+00
3.950968688899731962e-01,3.000810459253564488e-01,0.000000000000000000e+00
8.010364380604928503e-02,9.046310029362428784e-01,0.000000000000000000e+00
3.701541775537382506e-01,5.306974384761394825e-01,0.000000000000000000e+00
4.941162658963250687e-01,1.321611419429381540e-01,0.000000000000000000e+00
2.064540588894330231e-01,7.618880903232116975e-02,0.000000000000000000e+00
5.079216999452874637e-01,2.615495518329871150e-01,0.000000000000000000e+00
3.570616088827919254e-01,1.080653286972368399e-01,0.000000000000000000e+00
7.875518396525071907e-01,1.065838767888011018e-01,0.000000000000000000e+00
9.857088237131877984e-01,1.771611644384173401e-01,0.000000000000000000e+00
5.724051124346493102e-01,4.484533458908812609e-02,0.000000000000000000e+00
7.871162896558341338e-01,1.896059478182965385e-01,0.000000000000000000e+00
5.279039784081266395e-01,7.400775431590715936e-01,0.000000000000000000e+00
1.499314849172559416e-01,5.510871741869717289e-01,0.000000000000000000e+00
2.166172083287793981e-01,7.591960493171446833e-01,0.000000000000000000e+00
7.229151935562136977e-01,1.765490342770830168e-01,0.000000000000000000e+00
8.619665576670734186e-01,1.977509951634426333e-02,0.000000000000000000e+00
8.602369974231152128e-01,5.589038111609383463e-01,0.000000000000000000e+00
4.032204721058492147e-01,7.587469310223365904e-01,0.000000000000000000e+00
7.169290016924698694e-01,9.873261748084265488e-01,0.000000000000000000e+00
2.780850486129827770e-01,3.793672409342585539e-03,0.000000000000000000e+00
9.339026083148878055e-01,8.578971045378938065e-01,0.000000000000000000e+00
7.288508775192559241e-01,5.166887829215384143e-01,0.000000000000000000e+00
7.069562452487609949e-01,7.805295568767427472e-01,0.000000000000000000e+00
3.748759435368593795e-01,7.703225253299575970e-01,0.000000000000000000e+00
7.506243191751753585e-01,6.132112115442597267e-01,0.000000000000000000e+00
4.018659239678373796e-01,6.973080192643409392e-01,0.000000000000000000e+00
3.112857825192105743e-03,7.748966467245977929e-01,0.000000000000000000e+00
8.964166024568469560e-01,2.393157074375046323e-01,0.000000000000000000e+00
1.207671843092297248e-01,2.202839877937275981e-01,0.000000000000000000e+00
3.020967312900982860e-01,8.830285085638341913e-01,0.000000000000000000e+00
5.431664302380945220e-01,2.867116496064305853e-01,0.000000000000000000e+00
1.383546897929465169e-01,2.901444631045416722e-01,0.000000000000000000e+00
6.138710897412525958e-01,3.241385298974466256e-01,0.000000000000000000e+00
4.573601816909984574e-01,4.441171070166144430e-01,0.000000000000000000e+00
8.281353607315120602e-01,4.263481542362306254e-01,0.000000000000000000e+00
3.456988211755023244e-01,6.749716048091052301e-01,0.000000000000000000e+00
2.214820557335287488e-01,4.672458239265537827e-01,0.000000000000000000e+00
3.147656873240164410e-01,6.268556021628346464e-01,0.000000000000000000e+00
8.773604746948125976e-01,4.476890001456285129e-01,0.000000000000000000e+00
7.844574187919231001e-01,4.569657005615503920e-01,0.000000000000000000e+00
6.562293317171313811e-01,1.318409750275021386e-01,0.000000000000000000e+00
4.329815069676481443e-01,9.093119886549366759e-01,0.000000000000000000e+00
6.054790010309346604e-01,7.667745872371021232e-01,0.000000000000000000e+00
5.047006080958943430e-01,4.980556248280074705e-01,0.000000000000000000e+00
8.428998401928499140e-01,6.780693434095375061e-02,0.000000000000000000e+00
5.732722715496846311e-01,9.427625754329492791e-01,0.000000000000000000e+00
5.178600481723218962e-01,1.944658095278845034e-01,0.000000000000000000e+00
8.479393924434761587e-01,2.516391423558528295e-01,0.000000000000000000e+00
7.007260364825379506e-01,5.402609403968998691e-01,0.000000000000000000e+00
9.488362882802195974e-01,6.243367024026759138e-01,0.000000000000000000e+00
8.379779620477293411e-01,7.932876194523097446e-03,0.000000000000000000e+00
9.893400561666380044e-01,7.771457033238649004e-02,0.000000000000000000e+00
3.221295136147696025e-01,9.461523954567653272e-01,0.000000000000000000e+00
8.939102371245066792e-03,8.227300054219355285e-01,0.000000000000000000e+00
8.612116383667943742e-01,4.398308142085725070e-01,0.000000000000000000e+00
2.557451938059311924e-01,8.026895196332985982e-01,0.000000000000000000e+00
4.778620044322211546e-01,1.343386086556961345e-01,0.000000000000000000e+00
9.278489928250107655e-01,8.959699670066484378e-01,0.000000000000000000e+00
4.915451500169353283e-01,8.567024965177921780e-01,0.000000000000000000e+00
4.185780257640986379e-01,6.834649001663011259e-01,0.000000000000000000e+00
3.979906394079224530e-01,5.057420174508103772e-01,0.000000000000000000e+00
1.895517028339273047e-01,9.649889241109138593e-01,0.000000000000000000e+00
2.942156882442547028e-01,1.034595561164013411e-01,0.000000000000000000e+00
1.443154002290480964e-01,1.409229419244295567e-02,0.000000000000000000e+00
7.159456994623945025e-01,5.644983202408740963e-01,0.000000000000000000e+00
7.945783511847521741e-01,5.070799232841364246e-01,0.000000000000000000e+00
7.918210395041538341e-01,6.957642142718394318e-01,0.000000000000000000e+00
7.778484768591753529e-01,4.064828689770862979e-01,0.000000000000000000e+00
6.477706331874811818e-01,1.797942976929743919e-01,0.000000000000000000e+00
3.218199633879039734e-01,1.726046201197924956e-01,0.000000000000000000e+00
4.086372250132623840e-01,2.414187479655988122e-01,0.000000000000000000e+00
4.069219941293579224e-01,9.752223424373120952e-01,0.000000000000000000e+00
3.203193258220312645e-01,9.824909449748953083e-01,0.000000000000000000e+00
6.363061258559835620e-01,3.750910183939110132e-01,0.000000000000000000e+00
8.574844990835965852e-01,6.195867393685737801e-01,0.000000000000000000e+00
2.520330801308393598e-01,7.928556779768876073e-01,0.000000000000000000e+00
4.329385087341630634e-01,3.575111673304414150e-01,0.000000000000000000e+00
3.302769365250809441e-01,6.973688756131394273e-01,0.000000000000000000e+00
2.686501239062265567e-01,8.082780137053801051e-01,0.000000000000000000e+00
2.952887943998477871e-01,5.441213835853572212e-01,0.000000000000000000e+00
4.879214918052023897e-01,8.553564125953697639e-01,0.000000000000000000e+00
8.883864343953858933e-01,1.843844423677667432e-01,0.000000000000000000e+00
5.853484589382510483e-01,8.982050460171371320e-01,0.000000000000000000e+00
4.461172190344296906e-01,9.218683054838153756e-01,0.000000000000000000e+00
2.789908904569708969e-01,6.088311741937957322e-01,0.000000000000000000e+00
6.824537097668154084e-01,2.282057333504841079e-01,0.000000000000000000e+00
1.376751255771679894e-02,4.167239623706960883e-01,0.000000000000000000e+00
9.384818918567340296e-01,3.430281098304065468e-01,0.000000000000000000e+00
7.797442954825999362e-01,1.747363128274074251e-01,0.000000000000000000e+00
3.419528363024524342e-01,1.445977208380967438e-01,0.000000000000000000e+00
7.167708141463760008e-01,6.993076236968142068e-01,0.000000000000000000e+00
6.884973179489187745e-01,2.533960344862996594e-01,0.000000000000000000e+00
6.923601216234088751e-01,2.272975409159495586e-01,0.000000000000000000e+00
4.246491159313396935e-01,3.719221216676872332e-01,0.000000000000000000e+00
3.553079116201222076e-01,5.765480724125637835e-02,0.000000000000000000e+00
6.316466268659396421e-01,7.073166026816994911e-01,0.000000000000000000e+00
6.135886945028355965e-01,6.483127561631245594e-01,0.000000000000000000e+00
1.699407142172577601e-01,1.494467989388624796e-01,0.000000000000000000e+00
5.141750435258828356e-01,8.753327263545390702e-01,0.000000000000000000e+00
1.839534415472220408e-01,4.628391187082598890e-01,0.000000000000000000e+00
4.289323340299029397e-01,4.972891859195163189e-01,0.000000000000000000e+00
1.615107704860119231e-01,3.424406411348105417e-01,0.000000000000000000e+00
2.618804041035202035e-01,8.445269432294789658e-01,0.000000000000000000e+00
8.003322457764017184e-01,4.266391582681435812e-01,0.000000000000000000e+00
6.070154607890388965e-01,1.454656102662199579e-01,0.000000000000000000e+00
5.096132942175586322e-01,2.969470857869045410e-01,0.000000000000000000e+00
8.596509535692010706e-01,6.715983809063899024e-01,0.000000000000000000e+00
6.334740126224209789e-01,1.247513000691792273e-01,0.000000000000000000e+00
4.705878794988856972e-01,9.865727795868814987e-01,0.000000000000000000e+00
9.482991740726650631e-01,6.450856402604435713e-01,0.000000000000000000e+00
1.517248710319736293e-01,6.391268487199049941e-01,0.000000000000000000e+00
5.656621125439275088e-01,4.686658376612520271e-01,0.000000000000000000e+00
4.280374694682701486e-01,5.992697556580300899e-01,0.000000000000000000e+00
8.499698885159654438e-01,7.511210403719373874e-01,0.000000000000000000e+00
5.793605402972330509e-01,9.247041815360280692e-01,0.000000000000000000e+00
6.473998344154885398e-02,9.913465087318090729e-01,0.000000000000000000e+00
5.299454266798953039e-02,1.994955461385613527e-01,0.000000000000000000e+00
4.227526616445609342e-01,1.075088761851676900e-01,0.000000000000000000e+00
6.236704109977018184e-01,4.799256404886731442e-02,0.000000000000000000e+00
2.846238810069421366e-01,6.103668111967108789e-02,0.000000000000000000e+00
7.035193311050811360e-01,6.684561675894820088e-01,0.000000000000000000e+00
3.785805932506022264e-01,1.881942600298212032e-01,0.000000000000000000e+00
7.470048290299451388e-01,3.403792907654672462e-01,0.000000000000000000e+00
7.953011674056428282e-01,4.879009391796202966e-01,0.000000000000000000e+00
5.256694443509793979e-01,2.849084949156721613e-02,0.000000000000000000e+00
6.442320198790317809e-01,3.506565024321673940e-01,0.000000000000000000e+00
2.292050272920657106e-01,4.338833762117005888e-01,0.000000000000000000e+00
3.824674572709175768e-01,4.697890400863602434e-01,0.000000000000000000e+00
9.794833541798063647e-01,3.643780703682304445e-01,0.000000000000000000e+00
7.744101333360394745e-01,5.527675965498924926e-01,0.000000000000000000e+00
8.891310891074828415e-01,3.549528511495719796e-01,0.000000000000000000e+00
2.455186801865074653e-01,9.110192396569682938e-01,0.000000000000000000e+00
4.353426375776536794e-02,9.507534280610022703e-01,0.000000000000000000e+00
5.564069156709252617e-01,3.763632166870874984e-01,0.000000000000000000e+00
9.950523223391111172e-01,5.836264614763164715e-02,0.000000000000000000e+00
5.167063597676121445e-01,3.109707545554785124e-02,0.000000000000000000e+00
5.711757391862334332e-01,1.804685089951155730e-01,0.000000000000000000e+00
6.309592003395304571e-01,9.809236757505814808e-01,0.000000000000000000e+00
8.749025512123809190e-01,4.518362494208706392e-01,0.000000000000000000e+00
7.084608700517172064e-01,7.774687500031892684e-01,0.000000000000000000e+00
4.948430841825636195e-01,5.285334901775651240e-01,0.000000000000000000e+00
1.507843983721925962e-01,3.693999256119062657e-01,0.000000000000000000e+00
1.422212530727866575e-01,7.268937533445626320e-01,0.000000000000000000e+00
4.770129944022631907e-01,4.488788367067655383e-01,0.000000000000000000e+00
8.859979711653512835e-01,5.276187723115614014e-01,0.000000000000000000e+00
4.090908319168599094e-01,2.688920222126458537e-01,0.000000000000000000e+00
7.201203516976995012e-02,4.181361337253157728e-01,0.000000000000000000e+00
2.575348240658337229e-02,2.911539405524280477e-01,0.000000000000000000e+00
5.035095098483964859e-01,9.659330650197223145e-01,0.000000000000000000e+00
1.093829141935845906e-01,6.730410542166219701e-01,0.000000000000000000e+00
4.999323710991999681e-01,7.770982292757829812e-01,0.000000000000000000e+00
1.436069978742092745e-01,8.320263643587555435e-02,0.000000000000000000e+00
3.992186053524537925e-01,7.969622519799001159e-01,0.000000000000000000e+00
1.916757389098900921e-01,7.677771921472740235e-01,0.000000000000000000e+00
2.902979970618682071e-01,2.168914876117953305e-01,0.000000000000000000e+00
1.671558907700643193e-02,3.986590599223787112e-01,0.000000000000000000e+00
3.810814912934523679e-01,6.593449361953647170e-01,0.000000000000000000e+00
7.091840047038722172e-02,1.526039870422718492e-01,0.000000000000000000e+00
1.657588290093414685e-02,1.137963564474068212e-01,0.000000000000000000e+00
6.517892760100904015e-01,4.026568521749191998e-01,0.000000000000000000e+00
3.210263141673158627e-01,5.579119942437724688e-01,0.000000000000000000e+00
9.934604630998499220e-01,8.344865140180296459e-01,0.000000000000000000e+00
6.996231823995838761e-01,9.182585891320579341e-01,0.000000000000000000e+00
3.972870668308481346e-02,7.033344161552523843e-02,0.000000000000000000e+00
4.740062899880546077e-01,3.491674129570773166e-01,0.000000000000000000e+00
9.372520621284489151e-01,4.895649611451685645e-01,0.000000000000000000e+00
5.396491100933505924e-01,8.952603657312208085e-01,0.000000000000000000e+00
4.466350458236905130e-01,8.770343892703519328e-01,0.000000000000000000e+00
2.535817493716283622e-01,2.738097041581085689e-01,0.000000000000000000e+00
3.283613900875901326e-01,5.475642704809534633e-01,0.000000000000000000e+00
2.201286740269812192e-01,6.714291710812733127e-01,0.000000000000000000e+00
1.427932828030004098e-01,9.410027449963942470e-02,0.000000000000000000e+00
8.701917462053776475e-01,2.368687035569985166e-01,0.000000000000000000e+00
3.860040110225955168e-01,5.715420927253322958e-01,0.000000000000000000e+00
5.258019699514699941e-01,7.602387944210686754e-02,0.000000000000000000e+00
8.741259355980283141e-01,9.511356184186920970e-01,0.000000000000000000e+00
8.125073041746717628e-01,2.838018349468742763e-01,0.000000000000000000e+00
5.278467961179594825e-01,3.394167240176094724e-01,0.000000000000000000e+00
5.546673107876667341e-01,9.744034689130025573e-01,0.000000000000000000e+00
3.117029177189813982e-01,6.687966059228697135e-01,0.000000000000000000e+00
3.259672073089858735e-01,7.744772660150796018e-01,0.000000000000000000e+00
